1 
2 11 5 17 42 3 14 19 27
3 2 7 10 19 22 29 30
4 6
5 2 18
6 4
7 3 10 29 21 30 19 42
8
9
10 3 7 13 16 17 27 32 26 25 31
11 2 17 42
12 42 25
13 10 15 19 17
14 2 16 17 19 43 31
15 13 19
16 10 14
17 11 14 42 2 10 13
18 5 19 44
19 2 3 7 14 13 15 18 21 26 25 27 28 30 32 38 29 42 46 39
20 23 26 31 33 27
21 7 10 29 31 30 3 39
22 3 7
23 17 24 25 26 32 33 40 43 28 31
24 19 23 25 26 32 33 40 43 31
25 10 12 19 32 30 37 23 24 26 43 45 27 31
26 10 19 20 23 24 25 27 29 31 37 33 35 36 32 39 43 46
27 29 25 32 33 20 31 26 34 2 10
28 23 36 37 32
29 3 7 26 27 30 41
30 21 7 29 21 3 25
31 10 14 20 23 24 25 26 27 32 33
32 24 25 26 27 31 33 10 28
33 20 23 27 32 31 26 24
34 27 39
35 36 37 39 40 41 43 46 26 38
36 37 35 41 42 46 28 26 38 39 43
37 38 41 42 35 36 26 28 43
38 35 36 37 39 41 46 43
39 19 21 26 34 35 36 37 38 41 42 43 45 46
40 43 24 35
41 35 36 29 39 37 38 45 46
42 2 7 11 12 17 19 37 43 47 36 39
43 14 24 26 36 37 38 39 40 42 44 25 35
44 18 43
45 25 39 41
46 26 35 36 38 39 41
47 42
48
49
