35
113417 113042 3
117901 116319 1
117943 115045 3
117943 116319 2
116327 115045 1
116327 116319 2
116416 116319 1
116416 116378 1
116572 116319 3
116572 113042 3
116572 115045 2
117927 116572 2
117889 116319 3
117536 113034 2
117536 117889 2
117536 113034 3
117536 116319 2
117536 116319 2
116378 116327 3
116921 116912 1
116432 116394 1
116432 116319 1
116653 117366 3
116653 116319 2
116653 116319 3
117935 116394 1
117935 117897 1
113042 113034 3
116394 116351 3
117366 113450 2
117366 116319 1
115045 113034 1
116882 113107 3
117951 116343 3
117951 116432 1
117951 116882 1
117897 117889 1
117960 117935 2
116441 116343 2
116441 117889 2
116343 116319 1
